{"_meta":{"generated_from":"mock_data_generator","extraction_script":"scripts/generate_mock_data.ts","extracted_at":"2026-05-27","git_sha":"mock","schema_version":1},"model":"m2","module":"DECOBlock.adapter_xattn","t_samples":[1,5,10,14.5,16,20,25,35,42,48],"attention":[{"t":1,"phase":"approach","weights":[[0.2085,0.0128,0.2253,0.1554,0.221,0.1769],[0.0215,0.4171,0.1913,0.0018,0.0779,0.2904],[0.218,0.1478,0.0641,0.2113,0.169,0.1898],[0.1702,0.2712,0.1252,0.1145,0.0184,0.3004],[0.1119,0.0209,0.1868,0.1844,0.1513,0.3448],[0.2066,0.1192,0.0013,0.2892,0.0476,0.3361],[0.031,0.2786,0.245,0.2093,0.1072,0.1289],[0.367,0.2059,0.0638,0.1984,0.1638,0.001],[0.0629,0.014,0.0843,0.3112,0.4723,0.0553],[0.0701,0.2478,0.1572,0.2477,0.0212,0.256],[0.2437,0.1745,0.209,0.0617,0.1501,0.161],[0.1164,0.2603,0.2206,0.0568,0.2487,0.0972],[0.0232,0.2292,0.2617,0.0617,0.1022,0.3219],[0.2764,0.0024,0.1155,0.0518,0.2712,0.2827],[0.1841,0.1721,0.1765,0.0561,0.297,0.1142],[0.0071,0.2603,0.2258,0.0868,0.2005,0.2194]]},{"t":5,"phase":"approach","weights":[[0.2437,0.1914,0.064,0.1679,0.2043,0.1286],[0.1727,0.1339,0.1515,0.3158,0.1027,0.1234],[0.0183,0.5054,0.0629,0.0238,0.2673,0.1224],[0.2183,0.01,0.1773,0.2049,0.1993,0.1901],[0.0998,0.178,0.2914,0.0014,0.3526,0.0767],[0.0749,0.2275,0.1806,0.0997,0.0728,0.3444],[0.2483,0.0301,0.2343,0.0907,0.2942,0.1025],[0.2766,0.2168,0.3287,0.1092,0.0559,0.0128],[0.0423,0.1842,0.2269,0.2003,0.1958,0.1504],[0.2197,0.1681,0.1979,0.1958,0.129,0.0895],[0.13,0.106,0.0096,0.1677,0.5757,0.0109],[0.089,0.2113,0.1183,0.2132,0.1592,0.2091],[0.095,0.2413,0.2922,0.0118,0.1432,0.2166],[0.0077,0.3334,0.2594,0.0403,0.2703,0.0889],[0.0339,0.1096,0.424,0.0816,0.2233,0.1276],[0.0817,0.2954,0.0661,0.0595,0.2285,0.2687]]},{"t":10,"phase":"approach","weights":[[0.3023,0.0882,0.0301,0.2988,0.2144,0.0663],[0.1186,0.1417,0.2601,0.0619,0.2929,0.1248],[0.1045,0.0279,0.268,0.379,0.0241,0.1965],[0.2725,0.1626,0.0616,0.1349,0.2016,0.1667],[0.2636,0.3509,0.1416,0.0284,0.1896,0.026],[0.1081,0.1908,0.1529,0.1913,0.191,0.1659],[0.2485,0.1989,0.2043,0.0595,0.1687,0.1201],[0.2562,0.1074,0.0798,0.1976,0.0245,0.3345],[0.2256,0.2168,0.1847,0.137,0.121,0.115],[0.142,0.247,0.1741,0.1045,0.1747,0.1576],[0.3017,0.0156,0.1633,0.1068,0.1545,0.2582],[0.1967,0.2276,0.2383,0.101,0.1837,0.0527],[0.1388,0.1064,0.433,0.1336,0.0682,0.12],[0.1489,0.0301,0.1563,0.285,0.2334,0.1463],[0.0428,0.2134,0.2399,0.1103,0.241,0.1526],[0.0063,0.1527,0.2682,0.0776,0.3079,0.1874]]},{"t":14.5,"phase":"contact","weights":[[0.0432,0.0015,0.2548,0.2561,0.2122,0.232],[0.034,0.1822,0.2179,0.1943,0.2449,0.1268],[0.1394,0.1545,0.002,0.3007,0.1841,0.2193],[0.298,0.197,0.0281,0.244,0.0189,0.214],[0.2179,0.0766,0.1707,0.0694,0.1271,0.3383],[0.212,0.1745,0.1734,0.1737,0.2105,0.0559],[0.1916,0.1667,0.1647,0.1462,0.1625,0.1682],[0.0424,0.0094,0.2169,0.3274,0.0847,0.3192],[0.1487,0.2505,0.0145,0.1133,0.0805,0.3924],[0.0781,0.0243,0.2269,0.2175,0.1476,0.3057],[0.2011,0.276,0.2366,0.004,0.2772,0.0051],[0.0461,0.2279,0.253,0.1888,0.2044,0.0798],[0.2145,0.0308,0.0209,0.2903,0.0197,0.4238],[0.1767,0.2463,0.0185,0.0921,0.2251,0.2412],[0.1586,0.3298,0.1331,0.0277,0.2545,0.0962],[0.26,0.2151,0.2063,0.1466,0.0085,0.1636]]},{"t":16,"phase":"contact","weights":[[0.0158,0.2777,0.269,0.2661,0.0717,0.0997],[0.1674,0.1241,0.2743,0.191,0.0335,0.2097],[0.2183,0.1953,0.2076,0.0346,0.1309,0.2133],[0.1998,0.0819,0.2466,0.1449,0.1904,0.1364],[0.209,0.0223,0.0647,0.2864,0.4099,0.0078],[0.1365,0.2205,0.0733,0.1716,0.1947,0.2034],[0.0098,0.3168,0.2955,0.1611,0.1093,0.1074],[0.0956,0.0329,0.4272,0.2378,0.1588,0.0476],[0.2701,0.2714,0.128,0.1275,0.1105,0.0926],[0.2991,0.0369,0.0962,0.0734,0.1943,0.3001],[0.1026,0.0355,0.3115,0.0326,0.3465,0.1714],[0.2085,0.168,0.2296,0.0515,0.26,0.0825],[0.0377,0.2852,0.1882,0.0245,0.2643,0.2001],[0.2383,0.0729,0.2176,0.1564,0.2306,0.0841],[0.1493,0.212,0.285,0.1146,0.0354,0.2036],[0.2723,0.0581,0.3458,0.2002,0.086,0.0375]]},{"t":20,"phase":"contact","weights":[[0.1787,0.1483,0.2501,0.104,0.1709,0.1479],[0.1296,0.0627,0.2101,0.1912,0.0846,0.3217],[0.1806,0.0087,0.1442,0.1231,0.2505,0.2929],[0.193,0.0498,0.1643,0.2782,0.1728,0.1418],[0.2164,0.1096,0.2735,0.0597,0.1652,0.1756],[0.205,0.3395,0.0332,0.0682,0.154,0.2002],[0.1356,0.2072,0.1901,0.1775,0.2112,0.0785],[0.1583,0.1636,0.1703,0.1524,0.1976,0.1578],[0.0416,0.2348,0.2303,0.1928,0.1248,0.1757],[0.2521,0.1897,0.0144,0.2046,0.1212,0.2179],[0.0533,0.1657,0.2678,0.0965,0.2561,0.1605],[0.259,0.1601,0.1073,0.2416,0.0881,0.1439],[0.1803,0.2385,0.0284,0.2017,0.1693,0.1819],[0.1572,0.2787,0.003,0.3044,0.141,0.1156],[0.0307,0.0927,0.2803,0.2669,0.1714,0.158],[0.1285,0.1361,0.1983,0.2353,0.1451,0.1568]]},{"t":25,"phase":"contact","weights":[[0.0717,0.3202,0.0514,0.2169,0.2656,0.0741],[0.2025,0.075,0.2182,0.2034,0.1191,0.1817],[0.133,0.1571,0.2745,0.1021,0.0587,0.2746],[0.0289,0.094,0.084,0.3781,0.2672,0.1479],[0.0285,0.2612,0.2791,0.072,0.063,0.2962],[0.0919,0.026,0.1599,0.2747,0.2996,0.1479],[0.3486,0.1871,0.1446,0.1278,0.1569,0.0351],[0.1307,0.0408,0.1979,0.2273,0.1785,0.2247],[0.2403,0.2708,0.2215,0.0008,0.1942,0.0725],[0.4376,0.0658,0.0727,0.028,0.3596,0.0363],[0.21,0.2073,0.099,0.1886,0.1643,0.1308],[0.2392,0.2446,0.0112,0.1367,0.1264,0.2419],[0.2442,0.0176,0.235,0.0361,0.2544,0.2127],[0.2028,0.1118,0.2946,0.1965,0.1203,0.0741],[0.1584,0.1968,0.1282,0.2193,0.1803,0.117],[0.0134,0.0939,0.272,0.1713,0.1326,0.3168]]},{"t":35,"phase":"contact","weights":[[0.1632,0.2899,0.1337,0.1764,0.1141,0.1226],[0.1975,0.1344,0.2192,0.1129,0.1043,0.2317],[0.2027,0.2111,0.0754,0.1737,0.0791,0.258],[0.0825,0.2533,0.1579,0.1701,0.2592,0.077],[0.0568,0.2045,0.0791,0.1599,0.2025,0.2971],[0.344,0.2733,0.0032,0.2206,0.0605,0.0984],[0.1668,0.152,0.2152,0.0699,0.2307,0.1655],[0.2349,0.1844,0.137,0.0402,0.1148,0.2888],[0.1445,0.3637,0.1278,0.0553,0.1565,0.1521],[0.2235,0.0955,0.1118,0.1413,0.2662,0.1617],[0.1881,0.1538,0.2435,0.2302,0.0912,0.0931],[0.0192,0.2967,0.1647,0.0892,0.3215,0.1086],[0.1999,0.1198,0.0394,0.2416,0.2157,0.1834],[0.0104,0.4003,0.0944,0.2198,0.2236,0.0515],[0.2909,0.0915,0.1164,0.2436,0.0995,0.1579],[0.3532,0.1706,0.017,0.3132,0.0922,0.0539]]},{"t":42,"phase":"retract","weights":[[0.2069,0.1815,0.2144,0.0152,0.2065,0.1755],[0.3679,0.1186,0.1794,0.0362,0.2171,0.0809],[0.2616,0.2447,0.0532,0.0996,0.2382,0.1027],[0.1889,0.0374,0.2264,0.1627,0.2255,0.1591],[0.2898,0.0445,0.3833,0.0302,0.1187,0.1336],[0.3448,0.1189,0.0839,0.3278,0.1062,0.0184],[0.1627,0.2503,0.0336,0.1877,0.0856,0.2801],[0.04,0.0215,0.0171,0.2734,0.416,0.232],[0.1606,0.1484,0.2043,0.1511,0.301,0.0347],[0.1911,0.2051,0.0513,0.2007,0.167,0.1848],[0.2411,0.1961,0.1449,0.391,0.005,0.022],[0.2847,0.1774,0.2908,0.0454,0.1052,0.0964],[0.1271,0.2336,0.1221,0.1751,0.0193,0.3228],[0.2095,0.072,0.2593,0.3183,0.1392,0.0017],[0.1631,0.2371,0.1828,0.0247,0.1641,0.2282],[0.1619,0.232,0.1335,0.1733,0.1389,0.1603]]},{"t":48,"phase":"retract","weights":[[0.2595,0.0128,0.2361,0.0772,0.3141,0.1002],[0.2589,0.0297,0.254,0.0924,0.0882,0.2767],[0.1716,0.1512,0.156,0.1749,0.2063,0.14],[0.0956,0.0559,0.1772,0.1698,0.3583,0.1432],[0.0475,0.1577,0.0626,0.1693,0.2057,0.3571],[0.0034,0.2688,0.1235,0.5083,0.0683,0.0276],[0.2214,0.0805,0.2295,0.1202,0.0176,0.3309],[0.2574,0.1274,0.2051,0.1223,0.24,0.0478],[0.266,0.2396,0.0754,0.1538,0.0929,0.1724],[0.0994,0.12,0.1269,0.2207,0.2244,0.2087],[0.1922,0.2435,0.2025,0.1288,0.1033,0.1297],[0.2317,0.0259,0.2371,0.1914,0.2048,0.109],[0.0788,0.1194,0.1364,0.2004,0.1819,0.283],[0.2995,0.0637,0.2801,0.1515,0.1701,0.0349],[0.4594,0.2722,0.0369,0.0139,0.0727,0.1449],[0.1767,0.3202,0.0624,0.0731,0.1532,0.2145]]}]}