{"_meta":{"generated_from":"mock_data_generator","extraction_script":"scripts/generate_mock_data.ts","extracted_at":"2026-05-27","git_sha":"mock","schema_version":1},"model":"m2","module":"DECOBlock.adapter_xattn","t_samples":[1,5,10,14.5,16,20,25,35,42,48],"attention":[{"t":1,"phase":"approach","weights":[[0.0482,0.1713,0.1444,0.2082,0.0561,0.3718],[0.0614,0.5392,0.0005,0.1486,0.1865,0.0639],[0.271,0.2253,0.0047,0.1558,0.2209,0.1223],[0.246,0.1095,0.2367,0.2475,0.0709,0.0894],[0.175,0.1523,0.0383,0.0947,0.0458,0.4939],[0.0448,0.2933,0.2362,0.0724,0.1279,0.2254],[0.3126,0.0382,0.1507,0.2614,0.1303,0.1068],[0.1093,0.098,0.3478,0.0506,0.2326,0.1617],[0.1803,0.0628,0.3169,0.0609,0.2758,0.1033],[0.2713,0.2081,0.1247,0.0381,0.2081,0.1497],[0.3231,0.2252,0.0971,0.062,0.1674,0.1251],[0.1126,0.0008,0.3766,0.0102,0.425,0.0748],[0.2716,0.099,0.0562,0.0063,0.3243,0.2427],[0.0442,0.0267,0.0639,0.2832,0.4356,0.1465],[0.051,0.1695,0.1128,0.2993,0.2524,0.115],[0.0738,0.2176,0.1449,0.2495,0.0953,0.2189]]},{"t":5,"phase":"approach","weights":[[0.2793,0.1095,0.0585,0.1257,0.1704,0.2567],[0.2113,0.0705,0.2478,0.1888,0.0245,0.2571],[0.1954,0.2021,0.0445,0.2516,0.0798,0.2265],[0.0121,0.1712,0.1871,0.0957,0.413,0.1209],[0.2023,0.2023,0.1147,0.1524,0.0689,0.2593],[0.0628,0.2513,0.2119,0.2623,0.0173,0.1944],[0.2245,0.102,0.1588,0.1786,0.2564,0.0798],[0.0414,0.3632,0.0925,0.1392,0.02,0.3437],[0.1974,0.084,0.3294,0.1203,0.0239,0.2449],[0.1863,0.1259,0.2036,0.0052,0.3499,0.1291],[0.1841,0.2581,0.2452,0.0524,0.1363,0.1239],[0.1562,0.2412,0.0018,0.267,0.2613,0.0725],[0.1679,0.2542,0.2853,0.0855,0.06,0.1471],[0.1822,0.0395,0.436,0.2758,0.0113,0.0552],[0.0884,0.1731,0.2057,0.2482,0.158,0.1265],[0.2849,0.0669,0.2021,0.2552,0.0939,0.0971]]},{"t":10,"phase":"approach","weights":[[0.3013,0.0315,0.1105,0.0574,0.2652,0.2341],[0.1274,0.1694,0.2341,0.2008,0.2134,0.0549],[0.1781,0.217,0.2135,0.1719,0.1783,0.0413],[0.0464,0.2864,0.1992,0.2397,0.1165,0.1117],[0.289,0.2365,0.0029,0.24,0.0712,0.1603],[0.0633,0.07,0.1029,0.0182,0.3524,0.3931],[0.1142,0.1914,0.0647,0.1733,0.373,0.0834],[0.0178,0.0834,0.115,0.1188,0.2383,0.4266],[0.0337,0.0835,0.2245,0.2375,0.1424,0.2784],[0.2383,0.1588,0.0577,0.2411,0.1549,0.1492],[0.0211,0.155,0.3187,0.0807,0.0834,0.3411],[0.1654,0.3125,0.2164,0.1622,0.0543,0.0891],[0.0512,0.3726,0.105,0.0382,0.0969,0.336],[0.1276,0.0213,0.1895,0.3222,0.1625,0.1768],[0.1872,0.0637,0.0483,0.2354,0.4055,0.06],[0.0731,0.2119,0.2707,0.0913,0.0681,0.2849]]},{"t":14.5,"phase":"contact","weights":[[0.0742,0.0199,0.2197,0.2535,0.262,0.1707],[0.0291,0.1605,0.1864,0.2451,0.1734,0.2055],[0.1554,0.2125,0.1299,0.1733,0.1649,0.164],[0.2344,0.0826,0.2461,0.1842,0.1104,0.1424],[0.1127,0.2855,0.2732,0.0827,0.0071,0.2388],[0.1844,0.2595,0.1499,0.1379,0.0899,0.1784],[0.1497,0.0983,0.4053,0.0505,0.223,0.0732],[0.2717,0.0564,0.164,0.3919,0.0062,0.1098],[0.1213,0.1253,0.258,0.1706,0.1099,0.215],[0.2609,0.0561,0.0603,0.056,0.2861,0.2805],[0.0911,0.1277,0.3249,0.3802,0.008,0.0682],[0.3186,0.0076,0.2081,0.0907,0.077,0.298],[0.0927,0.2427,0.2792,0.2463,0.1338,0.0053],[0.2602,0.1605,0.0193,0.0407,0.2764,0.2429],[0.0066,0.0538,0.0679,0.2743,0.2678,0.3295],[0.2528,0.1912,0.3036,0.1459,0.0159,0.0906]]},{"t":16,"phase":"contact","weights":[[0.2688,0.0894,0.1995,0.1769,0.2138,0.0516],[0.2625,0.1808,0.0903,0.0973,0.1479,0.2212],[0.191,0.1103,0.178,0.1629,0.1978,0.16],[0.068,0.1865,0.0368,0.2187,0.255,0.2349],[0.0105,0.2615,0.2673,0.1488,0.2142,0.0976],[0.1174,0.1583,0.1828,0.1194,0.0939,0.3284],[0.2109,0.3827,0.0888,0.0182,0.2143,0.0851],[0.0522,0.1403,0.418,0.2067,0.1092,0.0736],[0.1185,0.2183,0.2508,0.2666,0.0625,0.0833],[0.2145,0.024,0.0557,0.204,0.2778,0.224],[0.1476,0.1557,0.0075,0.2084,0.0698,0.411],[0.1928,0.2489,0.0506,0.2743,0.2225,0.0109],[0.0025,0.2343,0.1737,0.0839,0.253,0.2525],[0.0373,0.0452,0.127,0.193,0.3056,0.2919],[0.304,0.176,0.2118,0.1693,0.0178,0.1212],[0.0573,0.3604,0.0945,0.2287,0.1885,0.0706]]},{"t":20,"phase":"contact","weights":[[0.2662,0.2017,0.1258,0.058,0.2902,0.0582],[0.2933,0.0566,0.0103,0.1992,0.2677,0.1729],[0.2042,0.0091,0.0193,0.2199,0.2798,0.2677],[0.1133,0.0293,0.2468,0.1039,0.1366,0.37],[0.1032,0.1564,0.2686,0.2918,0.1551,0.0249],[0.083,0.2435,0.0323,0.1538,0.3187,0.1687],[0.2794,0.0102,0.1902,0.1182,0.3523,0.0496],[0.1436,0.0444,0.1847,0.3897,0.1044,0.1332],[0.1191,0.1177,0.17,0.125,0.2411,0.2271],[0.171,0.1001,0.3078,0.1272,0.1014,0.1925],[0.2415,0.128,0.1139,0.0659,0.361,0.0898],[0.2081,0.0762,0.3225,0.1638,0.0161,0.2133],[0.2702,0.0444,0.2588,0.1278,0.2231,0.0756],[0.1429,0.1792,0.2566,0.0286,0.1615,0.2311],[0.4595,0.2037,0.026,0.0747,0.1204,0.1157],[0.2506,0.1023,0.0151,0.2986,0.1295,0.2039]]},{"t":25,"phase":"contact","weights":[[0.1765,0.2073,0.1317,0.0697,0.3437,0.0711],[0.1455,0.1364,0.3072,0.1315,0.0765,0.2029],[0.2684,0.1061,0.203,0.2701,0.0133,0.1392],[0.2843,0.1691,0.3078,0.114,0.0121,0.1128],[0.2131,0.2725,0.1839,0.2781,0.0073,0.0451],[0.3133,0.2714,0.1545,0.0319,0.0305,0.1984],[0.2535,0.0436,0.0414,0.2212,0.1309,0.3093],[0.0588,0.1157,0.1249,0.1464,0.1859,0.3684],[0.0081,0.1669,0.1927,0.2486,0.2298,0.1539],[0.1356,0.2352,0.2428,0.1644,0.0418,0.1802],[0.0333,0.2098,0.2333,0.1341,0.2323,0.1572],[0.0021,0.2593,0.1837,0.0923,0.197,0.2656],[0.0129,0.2597,0.1687,0.1048,0.4081,0.0458],[0.1675,0.0531,0.2606,0.2635,0.1823,0.073],[0.1917,0.1892,0.2083,0.4032,0.0001,0.0076],[0.4831,0.0471,0.172,0.0028,0.0725,0.2225]]},{"t":35,"phase":"contact","weights":[[0.0738,0.3012,0.2769,0.1285,0.1813,0.0383],[0.2702,0.0928,0.1569,0.2735,0.0754,0.1313],[0.1658,0.1818,0.0811,0.25,0.1791,0.1422],[0.0682,0.17,0.1276,0.2651,0.147,0.2222],[0.1689,0.0656,0.019,0.2778,0.2207,0.248],[0.1398,0.1439,0.2795,0.2234,0.0524,0.161],[0.1925,0.1094,0.2429,0.1262,0.287,0.0419],[0.2474,0.0636,0.1243,0.2202,0.1661,0.1784],[0.1091,0.1925,0.0269,0.3959,0.1141,0.1615],[0.3491,0.0209,0.0211,0.2886,0.1183,0.202],[0.1424,0.1283,0.2237,0.0951,0.2059,0.2045],[0.0539,0.2072,0.2266,0.1808,0.1651,0.1664],[0.1002,0.2088,0.3526,0.1165,0.1282,0.0936],[0.3705,0.0143,0.0864,0.3246,0.1833,0.021],[0.2723,0.1977,0.0579,0.2823,0.1806,0.0093],[0.0019,0.2241,0.163,0.3041,0.0986,0.2083]]},{"t":42,"phase":"retract","weights":[[0.0425,0.0063,0.2806,0.2587,0.229,0.1829],[0.0903,0.1806,0.0328,0.4308,0.0705,0.195],[0.0918,0.0907,0.1979,0.4243,0.111,0.0843],[0.1803,0.1979,0.2901,0.1006,0.0824,0.1486],[0.2484,0.1788,0.1146,0.0797,0.0874,0.2911],[0.2726,0.2739,0.1499,0.0743,0.0956,0.1337],[0.3321,0.1084,0.1128,0.0073,0.3893,0.0501],[0.3802,0.0546,0.2039,0.1797,0.1553,0.0264],[0.1611,0.0667,0.028,0.3449,0.0351,0.3642],[0.1753,0.0916,0.1902,0.1055,0.2436,0.1938],[0.2226,0.0354,0.0279,0.2316,0.2166,0.2659],[0.3218,0.2863,0.1573,0.0638,0.132,0.0389],[0.0716,0.1258,0.2688,0.2228,0.0126,0.2984],[0.2074,0.1347,0.0308,0.2517,0.2652,0.1101],[0.2116,0.1388,0.0848,0.1742,0.1558,0.2347],[0.2126,0.078,0.2426,0.0577,0.0937,0.3154]]},{"t":48,"phase":"retract","weights":[[0.2841,0.2217,0.1226,0.1032,0.0705,0.1978],[0.1203,0.1428,0.0452,0.2559,0.2086,0.2271],[0.2367,0.2439,0.0766,0.1169,0.1575,0.1683],[0.0311,0.2345,0.2678,0.1633,0.2343,0.069],[0.2792,0.0642,0.1173,0.3185,0.1871,0.0337],[0.0411,0.2723,0.2707,0.23,0.0031,0.1829],[0.2067,0.1028,0.2137,0.2159,0.0227,0.2383],[0.0641,0.1501,0.1923,0.2394,0.1488,0.2053],[0.3803,0.1113,0.0056,0.1177,0.3456,0.0395],[0.0008,0.217,0.1001,0.2899,0.1874,0.2047],[0.2205,0.0204,0.2662,0.265,0.0814,0.1465],[0.0271,0.1957,0.0931,0.3659,0.0586,0.2596],[0.1438,0.1755,0.0838,0.1647,0.1962,0.236],[0.1413,0.2127,0.0137,0.3084,0.0275,0.2964],[0.1272,0.2836,0.2413,0.0681,0.0167,0.2631],[0.3289,0.025,0.0058,0.2414,0.3187,0.0802]]}]}